GAME001;1
